# Distance Matrix for TSP Instance (Num Cities: 10)
0 42 23 43 26 19 1 10 50 9
42 0 19 12 35 15 18 15 50 47
23 19 0 5 20 26 2 34 1 40
43 12 5 0 35 16 15 8 23 15
26 35 20 35 0 32 21 15 5 38
19 15 26 16 32 0 15 35 33 35
1 18 2 15 21 15 0 17 50 1
10 15 34 8 15 35 17 0 27 49
50 50 1 23 5 33 50 27 0 31
9 47 40 15 38 35 1 49 31 0
