# Distance Matrix for TSP Instance (Num Cities: 10)
0 5 50 37 36 12 30 16 26 10
5 0 13 42 21 5 6 36 13 11
50 13 0 38 49 24 47 25 50 14
37 42 38 0 21 17 50 50 47 12
36 21 49 21 0 34 13 46 28 17
12 5 24 17 34 0 42 50 31 19
30 6 47 50 13 42 0 48 39 10
16 36 25 50 46 50 48 0 41 49
26 13 50 47 28 31 39 41 0 18
10 11 14 12 17 19 10 49 18 0
