# Distance Matrix for TSP Instance (Num Cities: 10)
0 23 8 49 23 30 34 19 33 13
23 0 48 20 44 30 29 35 48 30
8 48 0 33 43 26 14 8 10 10
49 20 33 0 7 33 47 8 17 36
23 44 43 7 0 2 18 50 13 17
30 30 26 33 2 0 28 27 28 42
34 29 14 47 18 28 0 35 40 38
19 35 8 8 50 27 35 0 15 50
33 48 10 17 13 28 40 15 0 32
13 30 10 36 17 42 38 50 32 0
